7327
4599
5765
783
5179
3936
6578
5260
3823
10775
10007
10568
7151
2576
1685
995
8693
349
1767
11568
10462
11457
8433
6948
6787
7231
6011
6813
11472
9017
7466
9174
1804
11828
11242
5177
11464
9379
6193
11816
485
7220
7277
2638
7451
11511
3119
1208
2722
10098
4423
7696
2279
520
5574
2108
6117
2692
8876
6248
5752
8060
11686
6207
5251
5947
9689
5169
9389
1155
3391
10178
404
6104
155
10123
11722
6420
8860
3786
10927
624
851
6469
3315
668
11156
8587
5645
8393
11019
12072
5966
10754
1014
2483
11046
11263
9898
10777
3642
1183
9001
302
4477
9186
11596
8772
6805
1768
2071
7820
560
4535
2756
3943
9610
10647
213
12166
10242
10709
3507
8877
8008
4250
2404
7664
2352
10749
2264
6652
3477
6629
7835
867
6586
4269
9080
687
445
9623
5293
8712
5813
9673
10761
3933
123
10933
11148
10814
10960
5683
10743
9432
5518
1349
4897
9760
9026
640
5138
10964
4815
12225
11974
991
9626
7480
9039
2453
1103
3396
7660
10874
6386
6359
8512
9786
8451
9839
1099
5825
8740
12267
9797
663
6231
3511
8886
5227
10249
3937
7769
988
11723
1238
6730
2837
5718
10993
5835
272
12080
5674
4129
10512
6483
3429
10280
106
949
7034
4294
724
11750
11425
8444
7184
6835
7905
10748
4456
2476
2426
12218
10508
1034
7893
9331
11147
11549
6287
4740
6267
8853
11766
351
6243
10482
6703
8490
6481
9191
4638
6345
5482
6758
567
1574
6366
1287
3064
1260
5886
11488
3780
5972
1880
9629
9323
1343
8052
1284
11237
10081
1860
6077
11869
8641
10460
745
3445
1051
1499
7661
11167
3204
8439
7124
5127
5233
2675
9491
10581
2691
6408
324
3678
12261
7550
9489
6983
1785
2538
12131
9993
5619
11919
2361
1139
11806
1131
196
1371
11927
7724
3498
5143
5385
10398
2526
9966
3663
5047
2413
7644
9648
9388
5990
8522
1386
7377
8413
11540
6428
3740
1101
6126
11165
9143
2855
1140
2362
5592
7967
6852
618
5092
6046
4957
10338
11101
8707
1416
10794
8126
10932
5819
10131
8177
9569
8169
8790
11338
8588
7400
1862
3641
6722
4320
1742
5798
3390
8003
3971
11490
557
6356
11159
7811
5922
9045
10469
4191
1372
613
11620
1871
4529
5382
7808
11058
11423
2467
7169
3312
9210
7474
1132
12040
10040
9382
8143
1241
1210
8087
3845
10830
6682
5748
5634
1647
2375
705
6882
8597
9716
1460
5377
5991
1420
10092
9815
884
9627
8201
4832
6116
5060
10184
5425
10486
10384
2945
4540
6371
9151
11505
7790
1997
10958
7008
7558
11183
5733
2848
4667
4553
2092
5882
3415
3718
4224
2434
437
3281
7930
5602
4293
559
2117
4323
8681
4875
4782
1024
8934
116
9630
1889
809
8766
180
12228
2737
3174
12239
1498
1783
11925
8453
1571
8266
4025
11131
4607
8312
9264
11016
1422
3434
4991
1399
7211
10858
10031
5025
4145
1141
11143
11006
4633
11030
6969
12159
11621
1638
10356